Mean: [129.43668908921435, 129.43668908921435, 129.43668908921435] 
Std: [59.14530926589948, 59.14530926589948, 59.14530926589948]
